NEXT_PUBLIC_lat=33.306354207646834
NEXT_PUBLIC_long= -111.67828392608546