NEXT_PUBLIC_lat=33.307372
NEXT_PUBLIC_long= -111.678432